-0.2130 -0.4170 -0.2810 -0.7670 -0.9000 -0.1550 -0.6350
-0.1400 -0.3290 -0.3590 0.5080 -0.1140 -0.6520 0.4760
-0.9000 -0.9000 -0.9000 -0.3420 -0.1790 -0.9000 -0.9000
-0.3370 -0.6370 -0.5440 -0.3640 -0.2650 -0.4660 -0.2120
0.6770 -0.2850 -0.2320 0.3310 -0.1910 -0.0310 0.9000
-0.3370 -0.6370 -0.5440 -0.3640 -0.2650 -0.4660 -0.2120
0.6770 -0.2850 -0.2320 0.3310 -0.1910 -0.0310 0.9000
-0.3500 -0.6800 -0.6770 -0.1710 -0.1700 0.9000 -0.4760
0.3630 0.3730 0.4120 0.6460 -0.2720 0.1550 0.3180
0.2470 -0.9000 -0.2940 0.0550 -0.0100 -0.9000 0.1060
0.9000 -0.0660 -0.0090 0.6520 -0.1860 0.1550 0.6880
0.4020 -0.4170 -0.3210 -0.1990 -0.2880 -0.4030 0.2120
0.1100 0.0660 0.0870 0.3370 -0.2620 0.6520 -0.0010
0.2130 -0.0660 -0.0090 0.5960 -0.1860 0.7140 -0.0530
0.2130 -0.0660 -0.0090 0.5960 -0.1860 0.7140 -0.0530
0.4020 -0.4170 -0.3210 -0.1990 -0.2880 -0.4030 0.2120
-0.9000 -0.9000 -0.9000 -0.3420 -0.1790 -0.9000 -0.9000
0.3630 0.3730 0.4120 0.6460 -0.2720 0.1550 0.3180
0.6770 -0.2850 -0.2320 0.3310 -0.1910 -0.0310 0.9000
-0.9000 -0.9000 -0.9000 -0.3420 -0.1790 -0.9000 -0.9000
-0.2130 -0.3290 -0.2430 -0.6740 -0.0750 -0.4030 -0.5290
-0.3500 -0.6800 -0.6770 -0.1710 -0.1700 0.9000 -0.4760
0.2130 -0.0660 -0.0090 0.5960 -0.1860 0.7140 -0.0530
-0.3500 -0.6800 -0.6770 -0.1710 -0.1700 0.9000 -0.4760
0.1100 0.0660 0.0870 0.3370 -0.2620 0.6520 -0.0010
0.2130 -0.0660 -0.0090 0.5960 -0.1860 0.7140 -0.0530
0.2130 -0.0660 -0.0090 0.5960 -0.1860 0.7140 -0.0530
0.6770 -0.2850 -0.2320 0.3310 -0.1910 -0.0310 0.9000
-0.3370 -0.6370 -0.5440 -0.3640 -0.2650 -0.4660 -0.2120
0.1050 0.3730 0.4660 -0.9000 0.9000 0.5280 -0.3710
-0.3370 -0.6370 -0.5440 -0.3640 -0.2650 -0.4660 -0.2120
0.3630 0.4170 0.5410 0.1880 -0.2740 -0.1550 0.4760
0.1050 0.3730 0.4660 -0.9000 0.9000 0.5280 -0.3710
0.1050 0.3730 0.4660 -0.9000 0.9000 0.5280 -0.3710
0.1050 0.3730 0.4660 -0.9000 0.9000 0.5280 -0.3710
-0.2300 -0.2410 -0.0580 -0.6960 -0.8680 0.9000 -0.5820
-0.3370 -0.6370 -0.5440 -0.3640 -0.2650 -0.4660 -0.2120
-0.0880 0.0660 0.1630 -0.8890 0.7270 0.2790 -0.2650
0.1050 0.3730 0.4660 -0.9000 0.9000 0.5280 -0.3710
-0.0880 0.0660 0.1630 -0.8890 0.7270 0.2790 -0.2650
-0.0880 0.0660 0.1630 -0.8890 0.7270 0.2790 -0.2650
-0.3370 -0.6370 -0.5440 -0.3640 -0.2650 -0.4660 -0.2120
0.3630 0.3730 0.4120 0.6460 -0.2720 0.1550 0.3180
0.2130 -0.0660 -0.0090 0.5960 -0.1860 0.7140 -0.0530
0.2130 -0.0660 -0.0090 0.5960 -0.1860 0.7140 -0.0530
-0.1400 -0.3290 -0.3590 0.5080 -0.1140 -0.6520 0.4760
0.9000 -0.0660 -0.0090 0.6520 -0.1860 0.1550 0.6880
-0.9000 -0.9000 -0.9000 -0.3420 -0.1790 -0.9000 -0.9000
0.4790 0.9000 0.9000 0.9000 -0.2090 0.2790 0.5290
0.2130 -0.0660 -0.0090 0.5960 -0.1860 0.7140 -0.0530
-0.3500 -0.6800 -0.6770 -0.1710 -0.1700 0.9000 -0.4760
0.2130 -0.0660 -0.0090 0.5960 -0.1860 0.7140 -0.0530
0.4020 -0.4170 -0.3210 -0.1990 -0.2880 -0.4030 0.2120
-0.2130 -0.4170 -0.2810 -0.7670 -0.9000 -0.1550 -0.6350
0.2130 -0.0660 -0.0090 0.5960 -0.1860 0.7140 -0.0530
0.6770 -0.2850 -0.2320 0.3310 -0.1910 -0.0310 0.9000
-0.9000 -0.9000 -0.9000 -0.3420 -0.1790 -0.9000 -0.9000
-0.2300 -0.1100 -0.0200 -0.4640 -0.2760 0.5280 -0.3710
0.2130 -0.0660 -0.0090 0.5960 -0.1860 0.7140 -0.0530
0.2130 -0.0660 -0.0090 0.5960 -0.1860 0.7140 -0.0530
0.4020 -0.4170 -0.3210 -0.1990 -0.2880 -0.4030 0.2120
0.4020 -0.4170 -0.3210 -0.1990 -0.2880 -0.4030 0.2120
0.2470 -0.9000 -0.2940 0.0550 -0.0100 -0.9000 0.1060
0.6770 -0.2850 -0.2320 0.3310 -0.1910 -0.0310 0.9000
0.6770 -0.2850 -0.2320 0.3310 -0.1910 -0.0310 0.9000
0.9000 -0.0660 -0.0090 0.6520 -0.1860 0.1550 0.6880
0.6770 -0.2850 -0.2320 0.3310 -0.1910 -0.0310 0.9000
0.6770 -0.2850 -0.2320 0.3310 -0.1910 -0.0310 0.9000
0.3630 0.4170 0.5410 0.1880 -0.2740 -0.1550 0.4760
0.2130 -0.0660 -0.0090 0.5960 -0.1860 0.7140 -0.0530
-0.3370 -0.6370 -0.5440 -0.3640 -0.2650 -0.4660 -0.2120
-0.0880 0.0660 0.1630 -0.8890 0.7270 0.2790 -0.2650
-0.2300 -0.1100 -0.0200 -0.4640 -0.2760 0.5280 -0.3710
0.1050 0.3730 0.4660 -0.9000 0.9000 0.5280 -0.3710
0.4790 0.9000 0.9000 0.9000 -0.2090 0.2790 0.5290
-0.2300 -0.2410 -0.0580 -0.6960 -0.8680 0.9000 -0.5820
0.3840 0.1100 0.1380 -0.2710 0.1950 -0.0310 -0.1060
0.9000 -0.0660 -0.0090 0.6520 -0.1860 0.1550 0.6880
-0.2130 -0.4170 -0.2810 -0.7670 -0.9000 -0.1550 -0.6350
0.2470 -0.9000 -0.2940 0.0550 -0.0100 -0.9000 0.1060
-0.3370 -0.6370 -0.5440 -0.3640 -0.2650 -0.4660 -0.2120
-0.9000 -0.9000 -0.9000 -0.3420 -0.1790 -0.9000 -0.9000
0.1050 0.3730 0.4660 -0.9000 0.9000 0.5280 -0.3710
0.2130 -0.0660 -0.0090 0.5960 -0.1860 0.7140 -0.0530
-0.1400 -0.3290 -0.3590 0.5080 -0.1140 -0.6520 0.4760
0.4020 -0.4170 -0.3210 -0.1990 -0.2880 -0.4030 0.2120
0.3630 0.3730 0.4120 0.6460 -0.2720 0.1550 0.3180
0.3630 0.3730 0.4120 0.6460 -0.2720 0.1550 0.3180
-0.9000 -0.9000 -0.9000 -0.3420 -0.1790 -0.9000 -0.9000
0.2130 -0.0660 -0.0090 0.5960 -0.1860 0.7140 -0.0530
0.4020 -0.4170 -0.3210 -0.1990 -0.2880 -0.4030 0.2120
0.1100 0.0660 0.0870 0.3370 -0.2620 0.6520 -0.0010
0.4020 -0.4170 -0.3210 -0.1990 -0.2880 -0.4030 0.2120
0.6770 -0.2850 -0.2320 0.3310 -0.1910 -0.0310 0.9000
0.3630 0.3730 0.4120 0.6460 -0.2720 0.1550 0.3180
-0.9000 -0.9000 -0.9000 -0.3420 -0.1790 -0.9000 -0.9000
0.2130 -0.0660 -0.0090 0.5960 -0.1860 0.7140 -0.0530
-0.3370 -0.6370 -0.5440 -0.3640 -0.2650 -0.4660 -0.2120
-0.3370 -0.6370 -0.5440 -0.3640 -0.2650 -0.4660 -0.2120
0.2130 -0.0660 -0.0090 0.5960 -0.1860 0.7140 -0.0530
0.3630 0.3730 0.4120 0.6460 -0.2720 0.1550 0.3180
0.9000 -0.0660 -0.0090 0.6520 -0.1860 0.1550 0.6880
-0.3500 -0.6800 -0.6770 -0.1710 -0.1700 0.9000 -0.4760
-0.3370 -0.6370 -0.5440 -0.3640 -0.2650 -0.4660 -0.2120
-0.3500 -0.6800 -0.6770 -0.1710 -0.1700 0.9000 -0.4760
0.1100 0.0660 0.0870 0.3370 -0.2620 0.6520 -0.0010
-0.3500 -0.6800 -0.6770 -0.1710 -0.1700 0.9000 -0.4760
0.6770 -0.2850 -0.2320 0.3310 -0.1910 -0.0310 0.9000
-0.2300 -0.2410 -0.0580 -0.6960 -0.8680 0.9000 -0.5820
0.1050 0.3730 0.4660 -0.9000 0.9000 0.5280 -0.3710
-0.3500 -0.6800 -0.6770 -0.1710 -0.1700 0.9000 -0.4760
0.2130 -0.0660 -0.0090 0.5960 -0.1860 0.7140 -0.0530
-0.3500 -0.6800 -0.6770 -0.1710 -0.1700 0.9000 -0.4760
0.9000 -0.0660 -0.0090 0.6520 -0.1860 0.1550 0.6880
0.1050 0.3730 0.4660 -0.9000 0.9000 0.5280 -0.3710
-0.3500 -0.6800 -0.6770 -0.1710 -0.1700 0.9000 -0.4760
0.2470 -0.9000 -0.2940 0.0550 -0.0100 -0.9000 0.1060
0.3840 0.1100 0.1380 -0.2710 0.1950 -0.0310 -0.1060
0.4790 0.9000 0.9000 0.9000 -0.2090 0.2790 0.5290
0.3630 0.4170 0.5410 0.1880 -0.2740 -0.1550 0.4760
-0.3500 -0.6800 -0.6770 -0.1710 -0.1700 0.9000 -0.4760
-0.3370 -0.6370 -0.5440 -0.3640 -0.2650 -0.4660 -0.2120
0.3840 0.1100 0.1380 -0.2710 0.1950 -0.0310 -0.1060
0.1100 0.0660 0.0870 0.3370 -0.2620 0.6520 -0.0010
-0.0880 0.0660 0.1630 -0.8890 0.7270 0.2790 -0.2650
0.4020 -0.4170 -0.3210 -0.1990 -0.2880 -0.4030 0.2120
0.1050 0.3730 0.4660 -0.9000 0.9000 0.5280 -0.3710
-0.3500 -0.6800 -0.6770 -0.1710 -0.1700 0.9000 -0.4760
0.4020 -0.4170 -0.3210 -0.1990 -0.2880 -0.4030 0.2120
0.1050 0.3730 0.4660 -0.9000 0.9000 0.5280 -0.3710
-0.3500 -0.6800 -0.6770 -0.1710 -0.1700 0.9000 -0.4760
0.6770 -0.2850 -0.2320 0.3310 -0.1910 -0.0310 0.9000
0.2130 -0.0660 -0.0090 0.5960 -0.1860 0.7140 -0.0530
0.2130 -0.0660 -0.0090 0.5960 -0.1860 0.7140 -0.0530
-0.9000 -0.9000 -0.9000 -0.3420 -0.1790 -0.9000 -0.9000
0.6770 -0.2850 -0.2320 0.3310 -0.1910 -0.0310 0.9000
0.4790 0.9000 0.9000 0.9000 -0.2090 0.2790 0.5290
0.2130 -0.0660 -0.0090 0.5960 -0.1860 0.7140 -0.0530
-0.3500 -0.6800 -0.6770 -0.1710 -0.1700 0.9000 -0.4760
0.6770 -0.2850 -0.2320 0.3310 -0.1910 -0.0310 0.9000
0.2130 -0.0660 -0.0090 0.5960 -0.1860 0.7140 -0.0530
-0.3500 -0.6800 -0.6770 -0.1710 -0.1700 0.9000 -0.4760
0.3630 0.3730 0.4120 0.6460 -0.2720 0.1550 0.3180
-0.3500 -0.6800 -0.6770 -0.1710 -0.1700 0.9000 -0.4760
0.2130 -0.0660 -0.0090 0.5960 -0.1860 0.7140 -0.0530
0.2130 -0.0660 -0.0090 0.5960 -0.1860 0.7140 -0.0530
0.2470 -0.9000 -0.2940 0.0550 -0.0100 -0.9000 0.1060
0.6770 -0.2850 -0.2320 0.3310 -0.1910 -0.0310 0.9000
0.2130 -0.0660 -0.0090 0.5960 -0.1860 0.7140 -0.0530
-0.9000 -0.9000 -0.9000 -0.3420 -0.1790 -0.9000 -0.9000
0.6770 -0.2850 -0.2320 0.3310 -0.1910 -0.0310 0.9000
-0.9000 -0.9000 -0.9000 -0.3420 -0.1790 -0.9000 -0.9000
-0.2300 -0.1100 -0.0200 -0.4640 -0.2760 0.5280 -0.3710
0.3630 0.4170 0.5410 0.1880 -0.2740 -0.1550 0.4760
0.4020 -0.4170 -0.3210 -0.1990 -0.2880 -0.4030 0.2120
0.6770 -0.2850 -0.2320 0.3310 -0.1910 -0.0310 0.9000
-0.2300 -0.1100 -0.0200 -0.4640 -0.2760 0.5280 -0.3710
0.4790 0.9000 0.9000 0.9000 -0.2090 0.2790 0.5290
0.2470 -0.9000 -0.2940 0.0550 -0.0100 -0.9000 0.1060
-0.9000 -0.9000 -0.9000 -0.3420 -0.1790 -0.9000 -0.9000
0.4020 -0.4170 -0.3210 -0.1990 -0.2880 -0.4030 0.2120
0.4790 0.9000 0.9000 0.9000 -0.2090 0.2790 0.5290
-0.1400 -0.3290 -0.3590 0.5080 -0.1140 -0.6520 0.4760
0.3630 0.3730 0.4120 0.6460 -0.2720 0.1550 0.3180
0.9000 -0.0660 -0.0090 0.6520 -0.1860 0.1550 0.6880
-0.3370 -0.6370 -0.5440 -0.3640 -0.2650 -0.4660 -0.2120
0.4020 -0.4170 -0.3210 -0.1990 -0.2880 -0.4030 0.2120
-0.2130 -0.3290 -0.2430 -0.6740 -0.0750 -0.4030 -0.5290
0.4790 0.9000 0.9000 0.9000 -0.2090 0.2790 0.5290
-0.9000 -0.9000 -0.9000 -0.3420 -0.1790 -0.9000 -0.9000
-0.2130 -0.3290 -0.2430 -0.6740 -0.0750 -0.4030 -0.5290
0.2130 -0.0660 -0.0090 0.5960 -0.1860 0.7140 -0.0530
0.3630 0.3730 0.4120 0.6460 -0.2720 0.1550 0.3180
0.3630 0.3730 0.4120 0.6460 -0.2720 0.1550 0.3180
-0.3500 -0.6800 -0.6770 -0.1710 -0.1700 0.9000 -0.4760
-0.3370 -0.6370 -0.5440 -0.3640 -0.2650 -0.4660 -0.2120
-0.3500 -0.6800 -0.6770 -0.1710 -0.1700 0.9000 -0.4760
0.3630 0.3730 0.4120 0.6460 -0.2720 0.1550 0.3180
-0.3500 -0.6800 -0.6770 -0.1710 -0.1700 0.9000 -0.4760
0.3630 0.3730 0.4120 0.6460 -0.2720 0.1550 0.3180
0.2130 -0.0660 -0.0090 0.5960 -0.1860 0.7140 -0.0530
-0.9000 -0.9000 -0.9000 -0.3420 -0.1790 -0.9000 -0.9000
0.2130 -0.0660 -0.0090 0.5960 -0.1860 0.7140 -0.0530
0.2130 -0.0660 -0.0090 0.5960 -0.1860 0.7140 -0.0530
-0.3500 -0.6800 -0.6770 -0.1710 -0.1700 0.9000 -0.4760
0.2130 -0.0660 -0.0090 0.5960 -0.1860 0.7140 -0.0530
0.4020 -0.4170 -0.3210 -0.1990 -0.2880 -0.4030 0.2120
0.6770 -0.2850 -0.2320 0.3310 -0.1910 -0.0310 0.9000
0.4020 -0.4170 -0.3210 -0.1990 -0.2880 -0.4030 0.2120
0.3630 0.3730 0.4120 0.6460 -0.2720 0.1550 0.3180
-0.3370 -0.6370 -0.5440 -0.3640 -0.2650 -0.4660 -0.2120
-0.1400 -0.3290 -0.3590 0.5080 -0.1140 -0.6520 0.4760
-0.2130 -0.3290 -0.2430 -0.6740 -0.0750 -0.4030 -0.5290
0.2130 -0.0660 -0.0090 0.5960 -0.1860 0.7140 -0.0530
-0.3500 -0.6800 -0.6770 -0.1710 -0.1700 0.9000 -0.4760
0.4020 -0.4170 -0.3210 -0.1990 -0.2880 -0.4030 0.2120
0.9000 -0.0660 -0.0090 0.6520 -0.1860 0.1550 0.6880
-0.0880 0.0660 0.1630 -0.8890 0.7270 0.2790 -0.2650
-0.3500 -0.6800 -0.6770 -0.1710 -0.1700 0.9000 -0.4760
0.2130 -0.0660 -0.0090 0.5960 -0.1860 0.7140 -0.0530
0.6770 -0.2850 -0.2320 0.3310 -0.1910 -0.0310 0.9000
-0.3370 -0.6370 -0.5440 -0.3640 -0.2650 -0.4660 -0.2120
0.1050 0.3730 0.4660 -0.9000 0.9000 0.5280 -0.3710
0.4790 0.9000 0.9000 0.9000 -0.2090 0.2790 0.5290
-0.9000 -0.9000 -0.9000 -0.3420 -0.1790 -0.9000 -0.9000
0.1050 0.3730 0.4660 -0.9000 0.9000 0.5280 -0.3710
0.9000 -0.0660 -0.0090 0.6520 -0.1860 0.1550 0.6880
0.4020 -0.4170 -0.3210 -0.1990 -0.2880 -0.4030 0.2120
0.4020 -0.4170 -0.3210 -0.1990 -0.2880 -0.4030 0.2120
-0.2300 -0.2410 -0.0580 -0.6960 -0.8680 0.9000 -0.5820
0.4020 -0.4170 -0.3210 -0.1990 -0.2880 -0.4030 0.2120
-0.3500 -0.6800 -0.6770 -0.1710 -0.1700 0.9000 -0.4760
0.9000 -0.0660 -0.0090 0.6520 -0.1860 0.1550 0.6880
-0.2300 -0.1100 -0.0200 -0.4640 -0.2760 0.5280 -0.3710
0.2130 -0.0660 -0.0090 0.5960 -0.1860 0.7140 -0.0530
0.1100 0.0660 0.0870 0.3370 -0.2620 0.6520 -0.0010
-0.3500 -0.6800 -0.6770 -0.1710 -0.1700 0.9000 -0.4760
0.9000 -0.0660 -0.0090 0.6520 -0.1860 0.1550 0.6880
0.1100 0.0660 0.0870 0.3370 -0.2620 0.6520 -0.0010
-0.1400 -0.3290 -0.3590 0.5080 -0.1140 -0.6520 0.4760
0.6770 -0.2850 -0.2320 0.3310 -0.1910 -0.0310 0.9000
0.2130 -0.0660 -0.0090 0.5960 -0.1860 0.7140 -0.0530
-0.3370 -0.6370 -0.5440 -0.3640 -0.2650 -0.4660 -0.2120
0.6770 -0.2850 -0.2320 0.3310 -0.1910 -0.0310 0.9000
-0.1400 -0.3290 -0.3590 0.5080 -0.1140 -0.6520 0.4760
0.4790 0.9000 0.9000 0.9000 -0.2090 0.2790 0.5290
-0.3370 -0.6370 -0.5440 -0.3640 -0.2650 -0.4660 -0.2120
0.2470 -0.9000 -0.2940 0.0550 -0.0100 -0.9000 0.1060
0.2130 -0.0660 -0.0090 0.5960 -0.1860 0.7140 -0.0530
0.2130 -0.0660 -0.0090 0.5960 -0.1860 0.7140 -0.0530
0.9000 -0.0660 -0.0090 0.6520 -0.1860 0.1550 0.6880
0.1100 0.0660 0.0870 0.3370 -0.2620 0.6520 -0.0010
0.1100 0.0660 0.0870 0.3370 -0.2620 0.6520 -0.0010
0.2130 -0.0660 -0.0090 0.5960 -0.1860 0.7140 -0.0530
-0.0880 0.0660 0.1630 -0.8890 0.7270 0.2790 -0.2650
0.1100 0.0660 0.0870 0.3370 -0.2620 0.6520 -0.0010
0.9000 -0.0660 -0.0090 0.6520 -0.1860 0.1550 0.6880
0.3630 0.3730 0.4120 0.6460 -0.2720 0.1550 0.3180
-0.2130 -0.3290 -0.2430 -0.6740 -0.0750 -0.4030 -0.5290
-0.2300 -0.2410 -0.0580 -0.6960 -0.8680 0.9000 -0.5820
-0.0880 0.0660 0.1630 -0.8890 0.7270 0.2790 -0.2650
-0.2300 -0.1100 -0.0200 -0.4640 -0.2760 0.5280 -0.3710
-0.0880 0.0660 0.1630 -0.8890 0.7270 0.2790 -0.2650
-0.2300 -0.2410 -0.0580 -0.6960 -0.8680 0.9000 -0.5820
-0.1400 -0.3290 -0.3590 0.5080 -0.1140 -0.6520 0.4760
-0.2130 -0.3290 -0.2430 -0.6740 -0.0750 -0.4030 -0.5290
0.3630 0.3730 0.4120 0.6460 -0.2720 0.1550 0.3180
0.3630 0.3730 0.4120 0.6460 -0.2720 0.1550 0.3180
0.2130 -0.0660 -0.0090 0.5960 -0.1860 0.7140 -0.0530
0.9000 -0.0660 -0.0090 0.6520 -0.1860 0.1550 0.6880
-0.3500 -0.6800 -0.6770 -0.1710 -0.1700 0.9000 -0.4760
0.6770 -0.2850 -0.2320 0.3310 -0.1910 -0.0310 0.9000
0.1050 0.3730 0.4660 -0.9000 0.9000 0.5280 -0.3710
0.2130 -0.0660 -0.0090 0.5960 -0.1860 0.7140 -0.0530
-0.3500 -0.6800 -0.6770 -0.1710 -0.1700 0.9000 -0.4760
-0.3370 -0.6370 -0.5440 -0.3640 -0.2650 -0.4660 -0.2120
0.2130 -0.0660 -0.0090 0.5960 -0.1860 0.7140 -0.0530
-0.2130 -0.3290 -0.2430 -0.6740 -0.0750 -0.4030 -0.5290
-0.2300 -0.1100 -0.0200 -0.4640 -0.2760 0.5280 -0.3710
0.9000 -0.0660 -0.0090 0.6520 -0.1860 0.1550 0.6880
0.2130 -0.0660 -0.0090 0.5960 -0.1860 0.7140 -0.0530
-0.2130 -0.4170 -0.2810 -0.7670 -0.9000 -0.1550 -0.6350
0.2470 -0.9000 -0.2940 0.0550 -0.0100 -0.9000 0.1060
0.4790 0.9000 0.9000 0.9000 -0.2090 0.2790 0.5290
0.6770 -0.2850 -0.2320 0.3310 -0.1910 -0.0310 0.9000
0.3630 0.4170 0.5410 0.1880 -0.2740 -0.1550 0.4760
0.2130 -0.0660 -0.0090 0.5960 -0.1860 0.7140 -0.0530
0.2130 -0.0660 -0.0090 0.5960 -0.1860 0.7140 -0.0530
0.2130 -0.0660 -0.0090 0.5960 -0.1860 0.7140 -0.0530
0.1050 0.3730 0.4660 -0.9000 0.9000 0.5280 -0.3710
-0.0880 0.0660 0.1630 -0.8890 0.7270 0.2790 -0.2650
0.9000 -0.0660 -0.0090 0.6520 -0.1860 0.1550 0.6880
0.2130 -0.0660 -0.0090 0.5960 -0.1860 0.7140 -0.0530
-0.9000 -0.9000 -0.9000 -0.3420 -0.1790 -0.9000 -0.9000
0.1050 0.3730 0.4660 -0.9000 0.9000 0.5280 -0.3710
0.2470 -0.9000 -0.2940 0.0550 -0.0100 -0.9000 0.1060
0.2130 -0.0660 -0.0090 0.5960 -0.1860 0.7140 -0.0530
-0.2300 -0.2410 -0.0580 -0.6960 -0.8680 0.9000 -0.5820
0.6770 -0.2850 -0.2320 0.3310 -0.1910 -0.0310 0.9000
0.2130 -0.0660 -0.0090 0.5960 -0.1860 0.7140 -0.0530
